101.332043
114.778121
77.049868
65.565776
20.324223
117.621465
37.119790
114.337425
77.525279
65.565748
28.469725
90.291392
49.259658
112.836073
105.164550
70.648634
103.406620
114.982831
53.627285
111.951952
110.625988
70.648645
102.940402
114.091753
82.949739
111.548160
67.092628
75.526389
105.470243
113.880459
49.791303
112.246422
67.092795
75.526159
105.470263
114.844129
111.025862
71.071553
83.357665
71.149021
85.023392
33.092804
113.948459
71.075921
83.410625
71.148616
132.160376
113.962216
74.967090
47.888125
72.426266
40.352457
21.851808
108.353987
74.967398
47.888154
72.426653
48.232220
71.130197
77.611295
81.748483
75.394502
154.715724
41.202938
66.588087
76.450017
81.749035
75.629421
160.603670
63.935532
73.604150
151.436530
67.127374
73.603873
143.487615
160.272000
71.298337
74.844737
58.955611
112.403693
156.681506
71.298351
74.844587
52.891511
18.686140
70.751805
104.003852
73.416089
100.464970
109.728856
18.869710
70.751980
104.003923
71.679585
142.480224
26.694488
66.835687
67.603466
67.306913
45.061190
106.958830
31.573998
66.835788
67.603466
67.306738
48.060092
107.453173
27.412269
107.237587
65.501601
65.020975
20.839395
110.808704
27.500064
105.643721
65.501616
103.225635
21.116358
49.364826
101.142386
69.875388
119.347703
70.915316
36.675103
103.253809
99.334231
69.875137
119.347754
78.145385
35.363060
108.277105
118.977590
25.650755
91.213534
43.366956
117.676821
106.808533
120.469204
28.529093
91.213570
44.302936
122.134572
92.771551
111.777292
103.575149
106.259428
115.461127
116.963156
27.731331
115.990408
105.770856
106.259360
115.461523
119.338346
83.970082
103.218007
114.546023
70.156679
71.765950
69.880779
110.851514
27.606912
117.786567
70.156592
71.765856
69.880756
103.865290
82.115900
67.972876
113.702501
65.286818
74.771330
88.227548
110.137828
144.974026
111.779402
65.290917
74.771477
91.019808
111.016744
82.306925
53.829649
117.545235
77.541142
71.926982
52.626055
107.866218
96.382300
111.477988
75.219827
71.926864
53.071806
115.004284
95.907900
54.283828
80.949654
50.801374
70.916867
36.679930
34.768345
67.884016
78.698502
50.803472
70.916490
34.162399
45.941667
95.766385
123.401407
45.242693
71.510653
66.869651
56.173992
51.325062
69.027165
46.008282
75.188217
66.869817
59.470459
51.233700
96.419281
120.059542
161.156008
80.117545
65.666381
156.356383
41.584818
161.208666
161.155481
79.289429
65.666446
161.803123
41.247399
80.853412
53.168289
32.582531
164.425392
116.034287
55.616782
26.704930
34.765354
150.157415
55.233477
63.718526
55.135624
22.547568
81.911873
91.304029
24.363188
66.581279
118.014038
77.181797
23.209105
39.354442
24.953606
71.245118
118.013966
77.181570
21.344049
68.915088
30.114656
61.416177
106.237138
72.627286
26.718767
26.209171
25.973198
60.311638
106.237147
72.627536
142.009377
105.722676
0.000000
147.855491
107.572104
160.912863
119.927185
29.896955
28.018340
147.842805
107.572097
161.635678
158.963808
106.614466
24.070621
150.485459
108.342893
154.395728
44.643944
20.554446
25.147678
153.722619
108.546257
156.041627
62.835014
96.575151
106.880641
113.036491
149.984212
140.783092
143.501134
78.882320
42.626004
114.657152
145.787206
141.559174
147.175391
81.624306
90.733874
137.069720
109.900437
86.902517
138.725529
110.949995
56.809699
107.744615
111.752331
86.717794
141.818851
108.102895
68.568767
113.340440
150.200572
105.528666
28.749453
116.071899
37.391315
112.121918
150.294971
105.528662
151.162549
116.079104
70.980159
113.664000
73.417951
106.110002
105.028461
20.449466
21.072825
109.744379
73.418016
106.110331
105.028482
160.497532
113.415345
85.002196
74.940622
109.143324
77.255365
142.062445
41.378705
66.908899
75.134155
109.143297
77.127761
117.360386
100.451137
105.896521
39.201696
67.435078
103.176765
73.519885
19.548125
128.230015
45.603027
70.050082
103.176770
73.675948
165.289444
49.042519
107.816498
71.066301
67.955961
109.069107
66.036126
83.152590
170.400026
72.754894
67.955911
109.069102
70.592409
121.821110
62.705116
34.924365
66.836946
70.479399
89.595544
65.250001
58.981410
26.018884
65.829593
74.285963
89.595542
65.717069
23.342837
70.905552
61.846598
62.745225
61.691818
89.798337
66.762050
42.139425
141.737022
69.132341
67.271668
89.798360
69.469586
22.837731
56.685678
83.804920
126.460815
66.629038
90.758984
45.194822
27.519494
59.463987
158.901377
68.505221
109.570082
45.119524
166.498625
69.636813
156.982667
107.871772
163.573595
35.142160
31.361647
67.364259
53.275259
106.465407
162.404245
154.196274
94.926637
85.661430
158.434084
162.505025
137.890387
158.215037
50.351095
54.479742
59.922661
159.144447
110.305793
157.178520
49.424399
109.504318
55.807858
129.838161
152.724404
138.022737
23.044470
27.868036
146.653745
171.639672
153.095161
107.828614
16.993687
26.258581
105.497569
67.214323
48.175759
150.304106
109.285500
147.167039
162.660384
19.032391
48.948641
147.566074
109.284304
149.731298
152.124317
96.815812
98.490594
155.861254
141.870874
106.975397
36.198787
56.245058
158.324722
156.005408
140.845554
109.625480
33.828590
159.915007
80.767347
20.778382
128.290058
42.444967
147.775389
50.367653
59.248531
22.054363
128.312046
33.487027
117.348091
49.817700
35.017202
84.701395
156.279490
141.095184
55.782711
146.918971
159.497786
54.543411
148.655896
140.396578
58.338739
139.545192
162.722918
126.137000
149.760251
148.272713
51.355263
115.362977
158.021756
47.542023
124.652469
150.181893
53.083679
110.450743
163.027260
56.213615
24.206613
140.914949
18.609581
113.376144
66.541743
94.056191
25.151892
142.782184
160.313969
116.713915
68.081333
85.283410
80.545750
25.015382
157.644462
152.607250
31.786290
65.997493
44.685128
22.301450
162.419199
152.607161
36.661733
65.614796
98.309320
96.534304
34.194011
35.515497
145.407179
147.836217
46.758270
36.815383
22.004472
33.980254
145.406743
153.682066
56.024725
98.309386
59.475350
163.757231
133.693958
63.040892
117.900346
28.599422
62.083666
159.913442
110.367520
62.782948
118.140889
80.546326
85.283353
61.931166
165.907319
111.138803
156.125983
146.171616
113.936052
61.258746
130.536085
89.786480
158.937591
104.288819
144.304599
23.246485
158.303062
104.924477
157.028479
27.918983
44.372644
104.738659
159.284077
105.761237
156.276273
27.576500
151.337268
153.954660
157.424756
106.445830
21.229655
157.363571
30.517292
165.503872
158.269442
108.508704
17.848258
157.005020
84.701394
71.191679
170.635345
145.643915
139.544733
38.964507
122.640009
44.692738
22.354372
148.008143
142.072330
39.103914
123.102138
80.767326
87.153756
149.141750
140.852564
142.510008
34.381923
21.530748
82.227054
147.568851
132.433034
149.741527
34.336666
98.490598
96.815797
146.542220
121.432966
137.356744
42.690294
47.050029
154.203592
153.837575
121.028408
134.420666
37.350349
28.408253
64.351231
105.454402
72.913594
148.351714
31.907803
138.943807
144.801757
33.613196
6.366797
116.312196
27.265757
135.725304
160.866896
37.046673
109.449493
24.797783
117.870576
47.872606
139.348647
60.165595
166.573246
34.036833
149.687783
47.356549
140.045071
141.192679
85.661431
94.926696
114.858072
65.959511
37.123257
164.576291
68.375684
104.175501
65.879237
42.649567
43.333808
57.958908
61.188775
159.597557
27.465144
16.998340
42.769420
34.308271
123.270819
85.992025
29.040559
60.849984
64.346565
41.126702
83.804901
58.074998
35.316789
29.554692
153.717798
28.634126
153.212531
47.765729
44.968544
26.765095
155.251545
30.574747
76.884876
70.315039
87.611817
164.944366
157.226733
147.876938
168.213593
68.135435
34.403671
69.747511
23.937134
157.924741
166.440421
43.400590
28.837373
85.824890
45.285848
27.324525
54.172187
42.514599
70.542893
160.019413
40.587794
27.409566
53.122081
36.179702
73.555220
107.816387
72.119631
161.054261
166.363734
160.237422
26.125261
42.797214
60.211927
160.178804
167.925857
19.031665
29.386229
42.840357
105.896557
100.451257
21.384962
56.400042
54.935909
24.176535
44.252096
49.982703
21.859573
34.617389
18.359507
20.473799
47.390642
113.415183
23.420428
140.751175
33.347565
136.355142
21.982643
45.675296
23.524911
162.369743
144.365152
148.378869
22.946914
70.980173
33.879598
150.877223
59.453415
22.549541
46.297745
33.223987
39.257542
146.689817
61.361307
22.576241
50.186341
68.656738
113.373494
88.575690
157.568645
137.276258
114.048649
57.987963
113.834160
91.290564
69.523530
137.276116
111.525723
55.373398
112.222460
151.920826
150.974577
115.653453
106.078036
133.583739
112.223486
148.440203
154.133195
113.307512
102.856555
125.113359
96.575100
61.237850
98.068818
157.994510
147.095312
68.571363
34.259485
26.893042
150.855493
157.297461
146.634051
59.204167
127.103464
152.246238
162.088855
152.804805
35.380470
34.340836
59.024352
127.987582
161.847307
156.426583
33.744925
26.169605
128.712722
69.960308
21.244238
147.060159
29.890438
170.185572
150.564481
132.653024
22.350118
59.157351
29.254794
168.699784
68.915091
69.190292
161.696579
151.882643
28.433165
51.858095
38.599264
159.691629
162.455115
150.746111
31.071793
54.015030
98.964896
81.911897
39.403466
148.051386
141.905997
68.706540
45.081258
39.738975
37.698459
147.809461
140.970576
67.353562
49.352959
53.176180
80.853269
43.294032
161.801061
151.489824
64.580257
57.786537
43.358757
39.931229
159.177268
26.910896
63.967117
57.632783
121.232328
96.419193
44.848149
34.737733
157.581012
29.975083
37.057632
66.162318
46.961708
29.750570
159.295303
33.673414
45.655110
123.401549
95.766276
33.890611
39.606342
156.859376
19.552929
60.473949
63.965280
59.672569
45.108299
160.254664
17.453558
65.585428
123.400658
116.150417
68.889208
147.990694
14.411465
65.301074
51.886563
16.931058
68.907167
148.534817
15.268504
62.037180
50.787649
54.269889
101.072075
31.075024
21.128615
160.045901
59.497638
34.275330
155.578645
33.174614
28.100403
46.598594
59.349595
157.531916
67.931335
102.065375
109.724911
31.547738
158.933670
154.294659
115.976037
33.976041
115.083852
22.083672
159.037260
144.713902
116.109699
99.823486
101.878007
118.890799
73.367957
51.303037
46.218433
145.702097
108.463503
117.036577
75.919908
149.597065
44.653891
105.695423
92.749199
95.278886
110.912605
143.912888
150.025872
138.161010
151.052825
110.398531
114.563250
108.223516
156.300059
138.161244
151.051950
98.825979
19.020724
109.819764
16.272703
149.180669
29.931381
112.036552
28.340987
109.820560
16.901047
153.576579
173.040078
114.600538
99.260518
62.180881
109.400685
146.295304
28.258905
157.256567
120.596904
48.849579
108.722542
145.293108
40.590235
161.882558
121.105207
97.772635
45.159529
165.437688
42.937028
62.327846
76.819772
156.305060
57.728921
136.621322
42.918561
33.482977
76.816946
161.577903
162.224434
147.322894
73.130522
65.542387
159.038787
158.250314
161.743595
159.617526
21.316111
65.535294
41.210115
156.704854
66.796390
24.257848
26.643985
16.202283
45.495632
156.147596
157.742831
23.905059
23.860594
26.219246
30.945000
160.003618
26.440654
24.921635
31.216033
21.897449
40.187768
160.074712
23.461973
174.029375
93.074769
21.058104
21.582228
157.642900
71.351889
43.882722
16.767147
26.991941
23.651117
60.668738
161.549591
43.459579
63.132048
68.058431
18.574543
40.602858
164.508283
45.927925
65.373234
68.185397
154.865383
64.846020
161.788639
76.303545
22.853139
62.107314
166.734243
42.355244
152.679007
80.206435
21.953992
60.651548
136.384813
33.262604
97.451064
120.649973
161.047172
29.983893
155.183738
114.652108
45.875141
117.958628
160.485983
148.190198
155.110697
113.438199
84.996565
103.551204
112.793107
30.233193
28.652893
19.782719
113.836561
36.403836
114.907138
31.112903
145.957723
18.715478
116.869436
19.259636
101.735798
119.340227
146.737133
148.701366
143.371981
115.071438
109.962507
121.565433
140.979119
151.257130
140.764945
115.113842
93.777861
92.675545
106.463330
46.287863
54.278074
139.657783
121.271285
109.332731
112.420931
42.144067
54.215835
60.945467
112.617404
99.388233
103.212207
114.649345
38.019968
158.342039
19.495051
109.637253
32.641728
114.083962
52.210954
160.382345
21.683632
112.401837
106.166814
69.066633
31.875572
56.429035
124.502830
25.776484
37.556093
157.194443
34.141294
53.614623
49.546644
24.845570
35.006260
99.385484
53.547205
58.046087
46.338396
30.296435
38.854515
68.051463
20.089210
53.170372
46.180239
16.211022
42.143978
67.877151
114.507211
123.399088
63.411536
170.957476
53.970456
163.043344
56.738182
62.613520
64.182157
169.651857
53.192181
159.644225
138.383442
95.766275
123.401482
48.333761
25.565478
53.243811
17.723539
37.705233
62.677492
126.854349
42.085863
156.315129
32.062903
37.676682
96.419255
121.761987
159.787533
65.831220
27.986742
54.129385
32.696663
54.257457
159.050837
66.987277
26.472864
55.967355
34.391650
80.853352
53.168444
37.652219
66.257666
144.437985
152.716157
38.512676
53.780934
143.871146
68.378801
121.661713
154.651556
38.852570
81.911897
93.068150
38.453480
44.369136
148.618398
162.252778
160.688851
45.077812
41.482899
148.836153
151.811118
159.305813
161.062195
69.681789
169.022955
154.389919
27.937887
22.115802
21.696022
56.053842
170.443075
148.642784
57.672360
24.378103
24.603483
127.828240
174.744147
155.737266
154.931084
161.337564
155.974204
36.923657
21.019155
152.558175
158.320811
159.336309
158.321643
122.319219
28.478176
141.804404
128.829600
107.259675
34.049630
143.189340
105.826401
141.797313
65.118237
140.782966
15.559244
96.575063
123.251592
118.003217
147.976354
150.033714
143.841062
112.176972
133.336085
109.151245
145.943370
150.746914
110.798513
114.074711
124.197555
111.860723
144.295349
68.116595
121.103913
112.755101
57.795115
111.123637
143.725114
68.111566
149.694385
113.391440
68.568631
38.794594
153.921135
148.300073
27.420114
35.562988
159.913550
39.932836
20.392165
62.740574
23.179600
34.762887
70.979984
23.588878
141.094345
146.374288
141.911716
26.874152
29.674662
23.424239
149.965480
39.340861
145.143718
27.727866
113.415305
48.766640
21.590736
43.135578
30.585147
26.453693
51.461786
47.150123
19.733295
21.920191
33.328945
20.440047
100.450827
105.896433
48.798229
151.373749
150.711866
69.582500
67.461906
46.571420
48.274321
152.450584
147.904289
161.694114
162.030034
72.176468
107.816245
163.109645
53.189465
53.222534
22.627017
37.217276
158.464125
72.981870
51.431879
159.699360
22.672086
51.204761
81.179368
29.002215
159.431844
57.853361
153.257811
35.649127
155.700318
156.680478
161.258231
57.817472
153.529834
37.140108
156.898098
88.448124
63.087689
144.452505
42.991314
28.106698
151.884536
41.759897
147.732185
152.328957
46.533928
27.016671
153.912017
38.802015
56.685454
83.804883
66.714531
64.842668
58.496526
152.061308
68.607457
67.718616
61.108114
152.767014
58.244877
155.536269
167.651167
159.984769
158.253235
13.327043
161.268876
39.474975
102.225759
159.701801
158.648579
13.726871
160.978870
170.415357
94.926740
85.661436
36.112704
142.977182
45.859188
144.681649
38.040411
165.937011
157.941486
143.152462
16.480476
147.734784
34.165558
109.503779
35.940531
147.091372
152.025721
150.700954
140.714969
54.656112
16.430179
156.346227
109.120086
149.868356
109.403799
65.422469
105.497655
60.689445
168.339431
139.210361
142.602869
147.717286
149.271834
157.015289
168.766900
145.734631
142.388858
149.313993
159.766408
96.816011
98.490298
36.960137
145.118669
138.513785
142.024266
87.981750
17.699026
37.279460
145.078738
141.536796
140.881809
84.675683
80.767387
125.653325
145.200800
136.722122
115.342684
47.485198
39.768026
120.589733
114.695938
141.749090
115.342680
168.886493
66.578079
84.701141
160.759661
38.884484
84.334840
37.490703
162.334418
27.839076
146.414928
35.358349
107.511252
34.382563
164.702269
152.546761
23.758775
153.968026
105.519312
36.604032
26.663833
151.951340
13.120285
165.304196
135.470402
50.371600
149.351595
141.250713
142.529364
69.799434
138.340523
36.450494
63.187178
49.311246
140.507393
160.678703
138.340524
14.035102
64.156871
86.775744
80.545089
133.058171
155.771060
108.723618
159.762508
64.600298
160.662250
108.842591
158.259764
141.006918
158.227574
61.889076
98.309179
122.245459
38.286580
150.172164
63.514793
143.503182
42.319350
145.250535
35.850035
119.732231
65.995638
147.977910
25.044440
98.309332
69.234867
156.993167
68.718649
17.768972
35.047543
39.865352
44.110679
57.265041
63.133952
22.080061
38.597474
80.547232
85.283360
160.716397
145.753218
28.912130
102.703251
26.534790
94.100744
160.718902
145.752977
27.271013
104.879076
26.366782
59.177862
152.764734
145.731158
51.338866
146.938183
158.410112
44.906179
160.182619
145.733760
23.879542
141.265980
144.452604
120.300756
162.993690
148.388758
56.100910
142.226566
155.752401
40.057622
156.619536
143.545966
56.909526
147.913953
163.166557
84.701244
94.239622
170.035568
143.304324
17.162949
142.646189
16.575679
47.495082
168.485579
146.738142
49.262251
142.647719
23.151446
80.767203
158.346112
149.014433
139.741796
152.117469
40.243678
159.761601
56.451597
146.266831
137.685907
149.154742
46.376503
98.490239
96.815522
157.437537
151.639891
133.640983
148.001261
168.176122
58.705631
158.445137
149.633212
143.679811
120.915341
168.023209
71.027661
105.454414
7.038425
30.260881
139.294046
144.378439
134.436853
55.098185
10.767525
28.864672
139.294266
95.122942
159.822065
54.542404
109.449309
38.346414
154.588693
115.645068
108.364668
61.340722
157.201234
40.198719
156.053419
113.517309
100.239447
156.558991
85.661356
94.926709
113.633199
163.076012
138.381720
158.856056
157.443759
38.266317
23.991186
162.185136
142.234253
55.840072
154.560379
146.041406
45.099616
109.281858
155.904467
161.112251
86.734986
19.548113
38.474211
109.281866
69.195765
39.856693
83.804850
55.600663
153.434860
62.432300
90.453198
59.422118
159.334212
59.545045
148.605937
61.112945
89.414520
59.421722
127.805444
66.538176
71.909417
22.335510
63.330369
110.725859
62.056940
164.522313
33.909978
158.072274
65.700570
110.725854
65.487470
161.189453
133.213972
62.168057
71.526711
66.044011
67.124803
62.583315
159.837787
170.753112
78.125629
61.612072
67.124809
62.621946
159.593015
107.816256
48.989279
61.142858
73.627490
103.989977
67.474424
39.135523
78.114832
62.192239
73.627726
103.989986
71.841607
36.665036
105.896695
100.451114
113.187604
73.890940
111.744746
71.733404
85.820099
153.940730
122.331474
73.890562
111.744696
71.733577
61.108636
113.553394
15.952747
113.216651
121.109467
73.460461
115.564399
34.093314
16.477987
73.486806
121.378564
76.538231
112.319190
70.979450
116.104332
39.115998
66.309158
27.376651
117.902177
45.766800
117.870834
28.784047
66.309168
25.458024
117.978753
68.656664
114.695162
138.826824
110.000710
139.502585
110.377241
18.146347
109.746369
110.406142
111.218616
139.486475
113.148200
90.828812
83.794367
143.706745
130.037291
151.782128
116.667097
147.832809
82.183218
139.930208
137.812008
152.303161
144.508003
142.125474
96.575125
64.470468
153.696919
109.912268
27.290405
23.799667
22.478774
31.911354
152.505489
136.984475
29.717200
30.582261
102.330510
161.185667
162.048530
110.161114
33.409758
23.932059
21.133707
149.057469
161.780287
110.161123
31.535965
8.708222
102.064433
99.804837
70.373694
122.050072
62.908582
29.836521
154.884011
23.771400
70.373643
122.050012
58.303417
29.981964
72.073836
23.133383
70.531709
118.023786
64.984987
38.776324
156.108981
22.866682
70.532027
118.023858
65.410986
19.841298
98.964902
81.911764
28.929720
119.897609
63.718245
168.148936
18.633783
42.776038
19.604521
120.041956
62.370957
48.903090
20.413226
53.175860
80.853461
31.799130
162.356309
64.734669
79.994867
163.125696
165.952222
40.484252
160.867454
64.734690
80.377364
163.099619
120.314609
96.419404
50.806304
51.497199
68.647180
78.410441
35.103500
159.955049
49.732043
51.882345
68.647130
78.714213
51.683834
123.401670
95.766310
44.094220
37.166660
70.816005
142.618077
75.621841
161.251013
55.879140
32.169650
70.816059
59.149927
79.220956
54.211673
95.907492
113.224548
50.331768
72.244459
17.155588
113.680840
121.725629
113.338258
50.331783
72.244466
72.458892
114.149018
53.897043
81.358030
110.230836
82.896577
74.771315
70.813045
116.417953
63.458495
104.124300
82.648165
74.771358
70.812968
114.975667
66.534159
82.178274
114.178644
70.042623
73.288872
71.938737
114.511751
27.501810
115.297686
70.042630
73.289145
71.938733
117.193946
103.005297
83.978721
117.191874
61.973327
106.259003
74.292770
121.335187
31.041581
117.519496
61.973354
107.703428
106.165529
110.110815
101.666438
116.142308
162.474449
90.463948
27.063306
114.563017
113.523650
117.642417
164.041951
90.463786
26.227012
115.417456
109.582928
36.012298
67.991958
119.333764
65.350533
96.966106
114.861467
50.272463
70.313218
119.334056
66.872804
98.131106
47.968294
18.392304
64.682583
64.023409
64.527074
26.828866
111.038482
23.040303
64.682283
64.023978
64.512671
24.455567
108.617175
41.842444
66.610730
68.079626
65.892071
26.536112
111.362872
44.163855
66.610683
68.079748
65.891785
32.584852
155.200197
71.933421
104.922098
68.748280
15.987539
105.818287
97.495558
71.933392
104.922080
68.748082
18.654725
56.994256
74.959817
71.555832
159.469447
107.663663
63.912231
74.976419
71.556013
164.158865
152.489059
73.712992
62.674707
152.488770
73.713224
61.390563
155.635606
76.473396
81.748817
101.729031
68.361980
48.322133
113.543297
75.942386
81.748292
79.994326
67.790353
43.401293
73.684848
57.335482
75.184159
115.397644
46.961736
44.838485
73.684745
42.793508
74.427462
117.704350
91.475585
72.858306
82.273067
71.302955
117.618677
34.561211
85.233593
70.393423
82.805139
71.303207
114.897650
115.410736
103.284035
75.526658
68.293624
118.198883
46.712421
116.839622
103.283076
75.526460
68.293453
119.617954
83.221200
111.735297
102.887672
70.636706
100.233167
115.466072
51.855887
116.187969
102.887767
70.636711
109.641420
112.957855
50.996245
120.259304
28.708198
65.565126
79.258542
113.298151
61.390549
117.895051
27.618204
65.565223
77.741311
113.498421
101.193558
